Fri Sep 24 2021 06:16:57 GMT-0400 (Eastern Daylight Time) - Run Time: 613ms

Cross Tabulation Query Form - Household - 2016 v1.1

Row: 2006 GTA zone of household - gta06_hhld
Column: Type of dwelling unit - dwell_type


Filters:
Regional municipality of household - region_hhld In 5,6,11

Household 2016
ROW : gta06_hhld
COLUMN : dwell_type
  gta06_hhld  dwell_type      total
        4001           1       2546
        4001           2        175
        4001           3        471
        4002           1         11
        4002           2         26
        4004           1       1120
        4005           1       1032
        4005           2       2165
        4005           3        374
        4006           1        690
        4007           1       1651
        4007           3        122
        4010           1        786
        4011           1        891
        4011           2        962
        4011           3        532
        4012           1        628
        4012           2       1765
        4012           3         32
        4013           1        336
        4013           2        302
        4014           1         14
        4014           2        432
        4014           3         99
        4015           1        349
        4015           2        163
        4016           1        148
        4016           2        731
        4016           3         21
        4017           1        731
        4017           2         12
        4018           1       1184
        4019           1         41
        4020           1       1987
        4020           3         12
        4021           1         86
        4023           1       1972
        4023           3        125
        4024           1         32
        4025           1       1253
        4025           3        495
        4026           1        980
        4026           3        102
        4027           1        126
        4027           2         24
        4027           3         10
        4028           1        425
        4028           3        135
        4029           1        605
        4029           2       1544
        4029           3        239
        4030           1        738
        4030           2        361
        4030           3        310
        4031           1       1272
        4031           3        272
        4032           1        673
        4032           3        145
        4033           1       1975
        4033           2        458
        4033           3        191
        4034           1        535
        4034           3        373
        4035           1        363
        4035           2       1042
        4035           3        204
        4036           1        717
        4036           2        292
        4036           3        531
        4037           1       2251
        4037           3        457
        4038           1       1222
        4038           3        173
        4039           1       2576
        4039           3        814
        4040           1        984
        4040           2        349
        4040           3        580
        4041           1       1755
        4041           2        857
        4041           3        253
        4042           1       1347
        4042           2        234
        4042           3        541
        4043           1          7
        4045           1       1632
        4045           2         34
        4045           3       1073
        4047           1          5
        4048           1         20
        4049           1         14
        4050           1        299
        4050           2         59
        4050           3         55
        4051           1        504
        4051           2       1578
        4051           3         34
        4052           1        450
        4052           2        112
        4052           3        125
        4053           1        296
        4053           2        136
        4053           3         22
        4054           1        878
        4054           2        337
        4054           3        141
        4055           1        945
        4055           2        519
        4055           3        601
        4056           1         17
        4056           2        110
        4057           1       1046
        4057           2       2277
        4057           3        666
        4058           1        208
        4058           2         57
        4058           3        272
        4059           1        983
        4059           2       1099
        4059           3        167
        4060           1        469
        4060           2       2595
        4060           3        245
        4061           1        711
        4061           2        744
        4061           3         50
        4062           1       1065
        4062           2        284
        4062           3        202
        4063           2        148
        4064           1        600
        4064           2       1166
        4064           3        663
        4065           1        664
        4065           2         86
        4065           3         90
        4066           1        677
        4067           1        690
        4067           3        341
        4068           1         65
        4068           3         48
        4069           1         36
        4069           2         27
        4069           3        585
        4070           1        925
        4070           3         87
        4071           1        799
        4071           2        309
        4071           3         16
        4072           1        820
        4073           1        759
        4074           1        964
        4074           2        694
        4074           3        260
        4075           1       1128
        4075           2        428
        4075           3        183
        4076           1       1894
        4076           2        450
        4076           3        974
        4077           1          8
        4077           2         77
        4077           3         73
        4078           1        342
        4078           2        808
        4078           3        564
        4079           1       2903
        4079           2        857
        4079           3        699
        4080           1       1801
        4080           2         78
        4080           3       1432
        4083           1       1990
        4083           2        303
        4083           3        394
        4084           1       3139
        4084           2        566
        4084           3       1011
        4085           1       1195
        4085           3        415
        4086           1        276
        4086           2        225
        4086           3        240
        4087           1        736
        4087           2        188
        4087           3        110
        4088           1       1161
        4088           2        234
        4088           3        188
        4089           1       2562
        4089           2        629
        4089           3        910
        4090           1        482
        4090           3        262
        4091           1        372
        4092           1        348
        4092           3         32
        4093           1        154
        4093           2         25
        4094           1         51
        4096           1        117
        4097           1        397
        4098           1        348
        4099           1        187
        4100           1        107
        4103           1       1409
        4103           3        871
        4104           1        119
        4104           3         94
        4105           1       2183
        4105           2        247
        4105           3       1492
        4106           1          9
        4108           1       1498
        4108           3        588
        4110           1       3745
        4110           2         20
        4110           3        920
        4111           1         39
        4112           1         20
        4113           1         45
        4114           1         54
        4118           1         77
        4118           3        340
        4119           1       1755
        4119           2        917
        4119           3        528
        4120           1       2555
        4120           2        349
        4120           3        921
        4121           1        100
        4122           1         19
        4123           1       1171
        4123           2        325
        4123           3        420
        4124           1       1330
        4124           2         94
        4124           3        261
        4125           1       1361
        4125           2        289
        4125           3        471
        4126           1        650
        4126           2        712
        4127           1       2842
        4127           2        132
        4127           3        519
        4128           1          8
        4129           1         27
        4130           1         27
        4131           1         43
        4132           1        130
        4133           1        112
        4134           1        181
        4135           1        331
        4136           1        220
        4137           1        371
        4138           1        174
        4138           2         46
        4139           1        216
        4140           1        308
        4141           1         71
        4142           1         56
        4143           1        275
        4144           1         54
        4148           1         29
        4149           1        304
        4153           1         30
        4154           1        404
        4155           1        341
        4156           1          7
        4157           1        195
        4157           3         12
        4158           1       1198
        4158           3        307
        4159           1        829
        4159           2        353
        4160           1       2810
        4160           3         85
        4161           1        198
        4162           1       1046
        4162           2        146
        4162           3        436
        4163           1       1225
        4163           2        650
        4163           3         64
        4164           1        679
        4164           2        308
        4164           3        815
        4165           1        131
        4166           1       1144
        4166           2        380
        4166           3         26
        4167           1        258
        4168           1        139
        4169           1        172
        4170           1        369
        4171           1         51
        4172           1        245
        4173           1        308
        4174           1        344
        4175           1        617
        4176           1        720
        4176           2         45
        4177           1        312
        4177           2        187
        4178           1        697
        4178           3         56
        4179           1         90
        4183           1       1919
        4183           3        729
        4184           1         42
        4186           1       3467
        4186           2         13
        4186           3       1701
        4188           1         26
        4189           1       2814
        4189           2        195
        4189           3        322
        4190           1        275
        4190           2        701
        4190           3        940
        4191           1        400
        4193           1         12
        4193           2        221
        4195           1        795
        4196           1        601
        4196           2        308
        4196           3        237
        4197           1        153
        4197           2         67
        5001           1        227
        5002           1        212
        5002           2        110
        5002           3        459
        5003           1        172
        5004           1        420
        5005           1       1079
        5005           3        508
        5006           1         13
        5007           1        568
        5007           2         50
        5008           1        190
        5009           1        779
        5009           3        325
        5010           1          8
        5011           1        117
        5012           1        269
        5012           2          7
        5014           1         66
        5016           1        278
        5018           1        138
        5020           1        536
        5026           1         21
        5028           1         91
        5030           1        348
        5032           1       1675
        5032           3        558
        5033           1        324
        5035           1         21
        5036           1        592
        5037           1         84
        5037           2          7
        5037           3         46
        5038           1         30
        5039           1          7
        5040           1        117
        5041           1       1618
        5041           2        125
        5041           3        503
        5044           1        469
        5044           3        271
        5045           1        721
        5045           3        293
        5046           1       1232
        5046           2         28
        5046           3        772
        5047           1        896
        5047           2         54
        5047           3        940
        5048           1         30
        5049           1         66
        5049           2        131
        5050           1        828
        5050           2        179
        5050           3        607
        5051           1       1209
        5051           3        422
        5052           1        440
        5052           3         54
        5053           1       1145
        5053           2         39
        5053           3        429
        5054           1         94
        5054           3         64
        5055           1         59
        5056           1        737
        5056           3        168
        5057           1        532
        5057           2         81
        5057           3        817
        5058           1        798
        5058           2         86
        5058           3        525
        5059           1       1741
        5059           2         71
        5059           3        332
        5060           1        808
        5060           3         23
        5061           1       1096
        5061           2         46
        5061           3         24
        5063           1        763
        5063           2          7
        5063           3        294
        5065           1        894
        5065           2         43
        5065           3        293
        5066           1       1432
        5066           2         38
        5066           3        509
        5067           1        695
        5067           2         37
        5067           3         48
        5068           1       1178
        5068           2        580
        5068           3        224
        5069           1        688
        5069           2        369
        5069           3        486
        5071           1        825
        5071           3         66
        5072           1        326
        5073           1       1583
        5073           3        427
        5074           1       1041
        5074           2        195
        5074           3        155
        5075           1        877
        5075           3        156
        5076           1        649
        5076           2         35
        5076           3        165
        5077           1        157
        5078           1        544
        5078           3         27
        5079           1        271
        5079           2        307
        5080           1        288
        5080           2         28
        5081           1        489
        5082           1       1504
        5082           2        490
        5084           1       1574
        5084           3        224
        5086           1        619
        5086           2        126
        5086           3        518
        5087           1         84
        5087           2        136
        5088           1        196
        5088           3         30
        5089           1       1101
        5089           2        413
        5090           1        394
        5090           3        404
        5091           1        572
        5091           3        419
        5092           1        946
        5092           2        559
        5093           1        394
        5093           2        507
        5093           3         13
        5094           1       1293
        5094           2        224
        5094           3        936
        5095           1        894
        5095           2        692
        5095           3        152
        5096           1       1008
        5096           2        176
        5096           3        139
        5097           1        385
        5097           2        362
        5097           3        154
        5098           1       1209
        5098           2        123
        5098           3        267
        5099           1        665
        5099           2        803
        5100           1       1348
        5100           3        286
        5101           1        676
        5101           3         82
        5102           1        575
        5102           2        235
        5103           1        241
        5104           1        821
        5104           2        790
        5104           3        326
        5105           1        870
        5105           2         12
        5105           3         24
        5106           1        850
        5106           2         89
        5106           3         80
        5107           1        164
        5107           2        249
        5107           3        230
        5109           1        907
        5110           1        926
        5110           2        588
        5110           3         29
        5111           1        635
        5111           2       1016
        5111           3        168
        5113           1        975
        5114           1        417
        5114           2        400
        5114           3         21
        5115           1        878
        5115           3        461
        5116           1        824
        5116           2        187
        5117           1        354
        5117           2        134
        5118           1        803
        5118           2        549
        5118           3        345
        5119           2         66
        5120           1        909
        5120           2        175
        5121           1       1010
        5121           2         99
        5122           1       1130
        5122           2        127
        5123           1        278
        5123           2       2568
        5123           3        173
        5125           1        164
        5125           2        232
        5126           1        232
        5126           2         27
        5127           1       1169
        5127           2        942
        5129           1        821
        5129           2         22
        5130           1       1091
        5130           2       1065
        5131           1        766
        5131           2        667
        5132           1       1270
        5133           1        835
        5133           2         19
        5133           3        420
        5135           1       1707
        5135           2        489
        5135           3         73
        5137           1        576
        5138           1        127
        5138           2         25
        5139           1        988
        5139           2       1089
        5139           3        558
        5140           1       1228
        5141           1        839
        5142           1         67
        5143           1       1394
        5143           2         26
        5144           1       1394
        5144           2        458
        5144           3         98
        5147           1         87
        5148           1        935
        5148           2       1207
        5148           3        374
        5149           1       1116
        5149           2        119
        5150           1        501
        5150           2       1293
        5150           3        124
        5151           1       1536
        5151           2         91
        5154           1        857
        5154           2        112
        5155           1        720
        5155           2        753
        5156           2         81
        5157           1        845
        5157           2        260
        5158           1       1711
        5158           2        114
        5159           1        148
        5159           2       1338
        5160           3        162
        5161           1       1301
        5161           2         84
        5162           1        825
        5162           2         38
        5163           1        117
        5163           2        992
        5163           3         80
        5164           1        515
        5164           2       2188
        5164           3         91
        5165           1        750
        5165           2        930
        5166           1        341
        5166           2       2631
        5166           3         51
        5167           1        252
        5167           2        738
        5168           1         18
        5168           2       1104
        5168           3         99
        5170           1        823
        5170           2       1172
        5170           3         93
        5171           2       1443
        5172           1        142
        5172           2       1321
        5172           3         50
        5173           2        275
        5174           1        421
        5174           2        690
        5175           1        862
        5175           2        380
        5176           1        937
        5177           1        594
        5177           2        150
        5177           3         55
        5178           1        842
        5179           1        101
        5179           2       1956
        5179           3         16
        5180           1        803
        5180           2        353
        5181           1        440
        5181           2       2109
        5182           1        786
        5183           1        590
        5184           2        156
        5184           3         30
        5186           1        162
        5186           2       1020
        5186           3        146
        5187           1         30
        5187           2       2525
        5188           1        419
        5188           2        151
        5190           2         67
        5191           1        873
        5191           2        294
        5191           3         97
        5192           1        224
        5192           2        954
        5193           2         23
        5194           1        599
        5194           2        193
        5194           3        135
        5195           2        743
        5196           1        599
        5196           2        237
        5197           1         85
        5198           1        190
        5198           2         32
        5199           1        503
        5199           2        256
        5199           3        219
        5200           1        621
        5200           2        953
        5200           3        119
        5201           1        201
        5201           2        130
        5202           1        918
        5202           2        147
        5202           3        229
        5203           1        748
        5203           2        502
        5204           1        144
        5204           2        375
        5205           1        724
        5205           2       1179
        5205           3         81
        5206           1        669
        5206           3         20
        5207           1       1130
        5207           2        777
        5207           3         93
        5208           1       1473
        5208           2        840
        5208           3         70
        5210           1        148
        5210           2         64
        5212           1        538
        5212           3        320
        5213           1         30
        5214           1         98
        5215           1        175
        5216           1       1269
        5216           2         45
        5219           1        923
        5223           1        660
        5224           1        729
        5225           1        375
        5226           1       1146
        5226           2         26
        5227           1        179
        5228           1         84
        5229           1        756
        5229           3        485
        5230           1       1126
        5230           3        264
        5231           1        565
        5231           2        380
        5231           3        122
        5232           1       1899
        5232           2         43
        5232           3        290
        5233           1        478
        5233           2        198
        5233           3         93
        5234           1        190
        5234           2         15
        5235           1        140
        5235           3         42
        5236           1        463
        5236           3         23
        5237           1        547
        5237           2        483
        5237           3        352
        5238           1        592
        5238           2        103
        5238           3        534
        5239           1        805
        5239           2        626
        5239           3        287
        5240           1        388
        5240           2         17
        5240           3         52
        5241           1       1307
        5241           2        942
        5241           3        915
        5242           1        184
        5242           3        134
        5243           1         78
        5244           1        440
        5244           3        555
        5245           1        281
        5245           3         75
        5246           1        462
        5246           3        209
        5247           1        283
        5247           2         30
        5247           3        219
        5248           1       1043
        5249           1        195
        5250           1        256
        5251           1         32
        5252           1        319
        5252           2        321
        6001           1        126
        6001           3        174
        6004           1        890
        6004           3        925
        6005           1        473
        6006           1        357
        6007           1        546
        6008           1        235
        6008           2        114
        6008           3        194
        6009           1         11
        6009           2         45
        6009           3         51
        6010           1         31
        6010           2        112
        6012           1       1027
        6014           1         90
        6014           2        314
        6015           1        956
        6015           2         12
        6015           3        109
        6016           1        896
        6016           3        109
        6017           1        234
        6017           2         43
        6017           3         32
        6018           1        620
        6018           2         14
        6018           3        196
        6019           1        542
        6019           2         38
        6019           3        209
        6020           1        419
        6020           2        194
        6020           3         70
        6021           1         10
        6022           1        192
        6022           2         97
        6023           1       1778
        6023           2         53
        6023           3        559
        6024           1        107
        6025           1        318
        6026           1        862
        6026           2        204
        6026           3        367
        6027           1        947
        6027           2         17
        6028           1        123
        6028           3         32
        6029           1        606
        6030           1        265
        6031           1        172
        6031           2         14
        6032           1       1732
        6032           2        121
        6032           3        219
        6033           1         61
        6033           2        139
        6034           1        437
        6034           2         18
        6034           3         98
        6035           1        354
        6036           1        252
        6037           1         32
        6038           1        520
        6038           2        116
        6039           1       1457
        6039           2        187
        6039           3         68
        6040           1        241
        6040           2         53
        6041           1        361
        6042           1        391
        6043           1        220
        6044           1       2071
        6044           2        218
        6044           3        307
        6045           1        279
        6046           1        290
        6047           1       1038
        6047           2         47
        6047           3        220
        6048           1        523
        6049           1         26
        6050           1        647
        6050           2         17
        6050           3         65
        6051           1        269
        6051           2         24
        6052           1        371
        6052           3         68
        6053           1        335
        6054           1        479
        6055           1        489
        6055           2         13
        6055           3         64
        6056           1        313
        6056           2        293
        6056           3        257
        6057           1        166
        6057           2        277
        6057           3        221
        6058           1        371
        6058           2        117
        6058           3         47
        6059           1        569
        6059           2         61
        6059           3         25
        6060           1         21
        6060           2        303
        6061           1        600
        6061           2         55
        6061           3        117
        6062           1        989
        6062           2         16
        6063           1        528
        6064           1       1422
        6064           2        123
        6064           3        167
        6065           1        280
        6066           1        565
        6066           2        273
        6066           3         36
        6067           1        551
        6067           2         94
        6067           3         45
        6068           1        636
        6068           2        166
        6068           3         69
        6069           1        303
        6069           3        116
        6070           1         33
        6071           1       1558
        6071           2        392
        6071           3         33
        6072           1        303
        6072           2        210
        6072           3         17
        6073           2         84
        6074           1        727
        6074           2        949
        6074           3        197
        6075           1        887
        6075           2        403
        6075           3        114
        6076           2         42
        6076           3         16
        6079           1        744
        6079           2        493
        6079           3         55
        6080           1         79
        6081           1        866
        6081           2        173
        6081           3        183
        6082           1        531
        6082           2        100
        6082           3         40
        6083           1          8
        6083           2       1320
        6085           2        175
        6090           1       1032
        6090           2        234
        6090           3         46
        6091           1        576
        6092           1        507
        6092           2         88
        6092           3        218
        6094           1         72
        6094           2        262
        6094           3         85
        6095           1         56
        6097           1        884
        6098           1        595
        6098           2        139
        6098           3        340
        6100           1        726
        6100           2        441
        6100           3         59
        6101           1       1061
        6101           2        681
        6102           1        405
        6102           2        140
        6102           3         43
        6103           1         25
        6104           1        263
        6105           1        453
        6105           2        184
        6106           1        554
        6106           2         57
        6107           1        706
        6107           2        875
        6109           1        590
        6109           2        115
        6109           3        716
        6112           1        332
        6112           2         62
        6112           3        130
        6113           1        624
        6113           2        268
        6115           1        239
        6116           1         68
        6117           1        302
        6117           2        254
        6118           1        361
        6118           2        624
        6118           3        107
        6119           1         83
        6119           2         28
        6119           3         36
        6120           1        154
        6121           1         79
        6121           2        569
        6122           1         10
        6123           2        197
        6124           2        137
        6125           2         96
        6127           3          6
        6129           1         83
        6129           2        150
        6129           3         15
        6130           2        284
        6131           2         49
        6132           1        162
        6132           2        299
        6133           1        130
        6133           2        326
        6133           3        100
        6134           2        381
        6135           1        193
        6135           2         59
        6137           1        844
        6137           2         47
        6137           3        104
        6138           2         28
        6139           1        237
        6139           2         18
        6139           3          8
        6140           1        537
        6140           2        136
        6141           1        563
        6141           2         35
        6142           1        343
        6142           2        490
        6142           3         63
        6143           1        126
        6144           1        167
        6144           2         51
        6145           2         15
        6145           3         33
        6146           1       1790
        6146           2        826
        6146           3        345
        6147           3         34
        6150           1        637
        6150           2        100
        6151           2         57
        6153           1        108
        6153           2        105
        6154           1       1014
        6154           2         38
        6155           1          8
        6155           2        133
        6156           2         29
        6158           1        341
        6158           2         33
        6158           3         63
        6159           1        388
        6159           2          9
        6159           3         70
        6160           2        796
        6160           3         13
        6161           1        259
        6161           2         50
        6162           1        369
        6162           2         36
        6163           1         47
        6164           1        580
        6164           2         49
        6164           3          9
        6165           1         94
        6165           3        143
        6166           1        694
        6166           2         34
        6166           3        190
        6167           1         50
        6168           1        747
        6168           2         20
        6168           3         50
        6169           2         68
        6170           1       1564
        6170           3         46
        6171           1        618
        6171           2         19
        6171           3         71
        6172           1        423
        6172           2         55
        6173           1        611
        6173           3         57
        6174           1        165
        6174           2        373
        6174           3         26
        6175           1        132
        6175           2        333
        6176           1        269
        6176           2        266
        6176           3         24
        6177           1        165
        6177           2         74
        6178           1          4
        6179           1        188
        6180           1        134
        6181           1         84
        6182           1        668
        6182           2        121
        6182           3         14
        6183           1        195
        6183           2         32
        6184           1         34
        6185           1         47
        6186           1        138
        6187           1        164
        6187           3          4
        6188           1        347
        6189           1         61
        6190           1          4
        6191           1         92
        6192           1         32
        6193           1        904
        6193           2        330
        6193           3        252
        6194           1        941
        6194           2         66
        6194           3         65
        6195           1        138
        6195           3         35
        6196           1       1136
        6196           2         28
        6196           3         16
        6197           1         53
        6198           1       1219
        6198           2        309
        6198           3        206
        6199           1       1799
        6199           2        539
        6199           3        266
        6200           1         14
        6201           1        274
        6201           2        121
        6202           1         24
        6202           2        175
        6203           1         74
        6203           2        319
        6204           1         57
        6204           2        845
        6205           1        268
        6205           2        205
        6206           1        512
        6206           2         68
        6207           1        492
        6207           2         69
        6208           1         28
        6208           2         66
        6209           1         37
        6210           1         26
        6210           2         15
        6213           1        458
        6213           2        399
        6213           3         60
        6214           1         16
        6214           2         29
        6215           1         67
        6216           1        289
        6216           2         53
        6216           3         89
        6217           1        716
        6217           2        640
        6217           3        132
        6218           1        900
        6218           2        119
        6219           1       1464
        6219           2        348
        6219           3        120
        6222           1       1632
        6222           2         16
        6222           3        129
        6223           1        651
        6223           3        236
        6224           1         57
        6225           1       1394
        6225           3        144
        6226           1       1502
        6226           2        439
        6226           3        316
        6227           1         57
        6227           2         25
        6228           1        630
        6229           1         90
        6230           1        515
        6230           2        214
        6230           3         77
        6231           1         89
        6231           2         68
        6232           1         29
        6233           1        803
        6233           2        693
        6235           1       2381
        6235           2        452
        6235           3         45
        6236           1        985
        6236           2        380
        6236           3         91
        6240           1         25
        6244           1        341
        6247           1         13
        6248           1        363
        6248           3         17
        6249           1        584
        6249           2        168
        6249           3         29
        6250           1        117
        6252           1        733
        6252           2        183
        6252           3        139
        6253           1        326
        6254           1         75
        6255           1         94
        6256           1        408
        6257           1       1001
        6259           1        412
        6259           2         61
        6260           1        461
        6260           2        139
        6261           1         10
        6261           3         49
        6262           1        138
        6262           3        123
        6263           1        466
        6265           1        182
        6266           1        383
        6266           2        192
        6266           3        111
        6267           1        864
        6267           2         43
        6267           3         50
        6268           1       1243
        6268           3        118
        6269           1       1224
        6269           2        373
        6269           3          6
        6270           1        384
        6270           2        435
        6270           3         16
        6271           1        658
        6271           2        218
        6272           1        191
        6273           1        219
        6273           2         96
        6273           3         26
        6275           1       1122
        6275           2        388
        6276           1         94
        6276           2        212
        6276           3         31
        6278           1         33
        6278           2         65
        6279           1         36
        6279           2        104
        6280           1         46
        6280           2         63
        6281           2         21
        6282           1         13
        6282           2        198
        6283           2        157
        6284           1         85
        6284           2        195
        6285           1        447
        6285           2        465
        6286           2        790
        6286           3        255
        6288           1        469
        6288           2        173
        6288           3          9
        6289           1        751
        6289           2        175
        6289           3        119
        6290           1       1090
        6290           2         61
        6290           3         85
        6291           1         87
        6292           1        497
        6292           2         26
        6294           1        101
        6296           1        515
        6296           2        145
        6296           3         74
        6297           1        402
        6299           1        464
        6299           2        240
        6300           1        459
        6300           2         26
        6301           1        580
        6301           2        113
        6302           1        158
        6303           1        399
        6304           1          6
        6306           1         21
        6307           1        433
        6307           2         87
        6308           1       1431
        6308           2         24
        6309           1        418
        6309           2        368
        6310           1         32
        6310           2        259
        6310           3        144
        6311           1         60
        6311           2         23
        6312           1        146
        6312           2        232
        6313           2         39
        6314           1         38
        6315           1        156
        6315           2         96
        6315           3         66
        6316           1        233
        6316           2        171
        6317           1        173
        6318           1         15
        6319           1         21
        6320           1        674
        6320           2         28
        6322           1        189
        6323           1         25
        6324           1        108
        6325           1        618
        6325           2        318
        6326           1        608
        6326           2        111
        6327           1         24
        6328           1         17
        6329           1         21
        6330           1        219
        6331           1        136
        6331           2         22
        6332           1        275
        6333           1        185
        6333           2         33
        6334           1        263
        6335           1        181
        6336           1        981
        6336           2        188
        6336           3         25
        6337           1        964
        6337           2        117
        6337           3         76
        6338           1        918
        6338           2         85
        6338           3         74
        6339           1        292
        6340           1        979
        6341           1       1424
        6342           1       1058
        6342           2         88
        6342           3        125
        6343           1        498
        6343           2        592
        6344           1        854
        6344           2        290
        6345           1        986
        6345           2        211
        6346           1        159
        6347           1        544
        6348           1        410
        6349           1        333
        6350           1        699
        6350           3         42
        6351           1        246
        6352           1         50
        6353           1        355
        6354           1        348
        6355           1        243
        6356           1         72
        6357           1        319
        6358           1        138
        6359           1        798
        6360           1       1891
        6360           2        175
        6360           3        330
        6361           1        418
        6362           1        645
        6362           2         35
        6363           1        727
        6364           1        587
        6366           1       1629
        6366           2        230
        6366           3        146
