Sat Sep 11 2021 18:49:46 GMT-0400 (Eastern Daylight Time) - Run Time: 529ms

Cross Tabulation Query Form - Household - 2016 v1.1

Row: 2006 GTA zone of household - gta06_hhld
Column: No. of vehicles in household - n_vehicle


Filters:
Regional municipality of household - region_hhld In 6, 40

Household 2016
ROW : gta06_hhld
COLUMN : n_vehicle
  gta06_hhld   n_vehicle      total
        5001           1         20
        5001           2         78
        5001           3         78
        5001           5         49
        5002           1        320
        5002           2        380
        5002           3         82
        5003           0          7
        5003           1         25
        5003           2         71
        5003           3         33
        5003           4          9
        5003          10         27
        5004           1         66
        5004           2        144
        5004           3         69
        5004           4         74
        5004           5         68
        5005           1        406
        5005           2        936
        5005           3        180
        5005           4         65
        5006           1         13
        5007           0         15
        5007           1         58
        5007           2        379
        5007           3        165
        5008           1         34
        5008           2         48
        5008           3         90
        5008           4         19
        5009           0         40
        5009           1        117
        5009           2        904
        5009           3         43
        5010           1          8
        5011           2        102
        5011           4         15
        5012           1         50
        5012           2         52
        5012           3        173
        5014           1         48
        5014           3         18
        5016           1        102
        5016           2        176
        5018           2         82
        5018           3         55
        5020           1         78
        5020           2        321
        5020           3         93
        5020           4         44
        5026           3         21
        5028           1         54
        5028           2         38
        5030           0         10
        5030           2        168
        5030           3         81
        5030           4         24
        5030           5         43
        5030           6         22
        5032           1        349
        5032           2       1034
        5032           3        614
        5032           4        236
        5033           1         39
        5033           2        241
        5033           3         45
        5035           6         21
        5036           1        107
        5036           2        321
        5036           3        163
        5037           1          7
        5037           2         84
        5037           3         46
        5038           1          7
        5038           4         17
        5038           5          7
        5039           2          7
        5040           1         74
        5040           2         43
        5041           0         84
        5041           1        613
        5041           2       1295
        5041           3        238
        5041           4         16
        5044           1        162
        5044           2        503
        5044           3         74
        5045           1        464
        5045           2        410
        5045           3        140
        5046           0        103
        5046           1        598
        5046           2       1129
        5046           3        146
        5046           4         56
        5047           1        940
        5047           2        614
        5047           3        308
        5047           4         28
        5048           2         30
        5049           1         31
        5049           2         16
        5049           3         18
        5049           5        131
        5050           0        111
        5050           1        746
        5050           2        652
        5050           3         43
        5050           4         62
        5051           0        155
        5051           1        599
        5051           2        470
        5051           3        283
        5051           4         39
        5051           5         84
        5052           0         39
        5052           1         78
        5052           2        243
        5052           3        134
        5053           0        108
        5053           1        450
        5053           2        704
        5053           3        134
        5053           4        216
        5054           2         94
        5054           6         64
        5055           2         59
        5056           1        339
        5056           2        411
        5056           3        122
        5056           4         32
        5057           0         20
        5057           1        710
        5057           2        482
        5057           3        156
        5057           4         63
        5058           0        187
        5058           1        810
        5058           2        314
        5058           3         50
        5058           4         48
        5059           0         61
        5059           1        457
        5059           2       1119
        5059           3        377
        5059           4        130
        5060           1        326
        5060           2        454
        5060           3         51
        5061           1        294
        5061           2        683
        5061           3        113
        5061           4         55
        5061           5         22
        5063           0          7
        5063           1        416
        5063           2        343
        5063           3        298
        5065           0         12
        5065           1        351
        5065           2        782
        5065           3         83
        5066           0        100
        5066           1        444
        5066           2       1070
        5066           3        263
        5066           4        103
        5067           0         14
        5067           1        256
        5067           2        280
        5067           3        103
        5067           4        127
        5068           0        156
        5068           1        819
        5068           2        684
        5068           3        213
        5068           4        109
        5069           0        141
        5069           1        751
        5069           2        322
        5069           3        248
        5069           4         81
        5071           1        104
        5071           2        435
        5071           3         91
        5071           4        231
        5071           5         32
        5072           1         61
        5072           2        148
        5072           3        116
        5073           1        560
        5073           2        974
        5073           3        271
        5073           4        108
        5073           5         97
        5074           0        202
        5074           1        886
        5074           2        168
        5074           3        135
        5075           0         75
        5075           1        122
        5075           2        615
        5075           3        222
        5076           1        298
        5076           2        377
        5076           3        124
        5076           4         51
        5077           2        104
        5077           3         53
        5078           1        139
        5078           2        366
        5078           3         65
        5079           0         72
        5079           1        195
        5079           2        277
        5079           3         35
        5080           0         28
        5080           1        143
        5080           2        124
        5080           3         21
        5081           0         15
        5081           1        156
        5081           2        218
        5081           3         82
        5081           4         17
        5082           0        256
        5082           1        803
        5082           2        782
        5082           3        153
        5084           1        415
        5084           2       1133
        5084           3        193
        5084           4         57
        5086           1        463
        5086           2        579
        5086           3        184
        5086           5         37
        5087           0        102
        5087           1         63
        5087           2         56
        5088           1         91
        5088           2        135
        5089           0        155
        5089           1        703
        5089           2        558
        5089           3         33
        5089           4         66
        5090           1        293
        5090           2        317
        5090           3         45
        5090           4         75
        5090           6         68
        5091           0        116
        5091           1        419
        5091           2        324
        5091           3        133
        5092           0        222
        5092           1        685
        5092           2        404
        5092           3         24
        5092           4        137
        5092           6         33
        5093           0         60
        5093           1        503
        5093           2        211
        5093           3        140
        5094           0         86
        5094           1        687
        5094           2       1087
        5094           3        356
        5094           4        238
        5095           0        431
        5095           1        802
        5095           2        375
        5095           3         84
        5095           4         47
        5096           0         19
        5096           1        516
        5096           2        605
        5096           3        183
        5097           0        201
        5097           1        496
        5097           2        204
        5098           0        123
        5098           1        426
        5098           2        592
        5098           3        406
        5098           4         24
        5098           5         29
        5099           0        221
        5099           1        694
        5099           2        341
        5099           3        190
        5099           5         22
        5100           1        454
        5100           2        851
        5100           3        255
        5100           4         74
        5101           0         25
        5101           1        241
        5101           2        463
        5101           3         29
        5102           0         56
        5102           1        453
        5102           2        221
        5102           3         27
        5102           4         52
        5103           1         70
        5103           2         97
        5103           3         49
        5103           4         25
        5104           0        343
        5104           1        921
        5104           2        541
        5104           3        120
        5104           4         12
        5105           1        118
        5105           2        565
        5105           3        223
        5106           0        110
        5106           1        320
        5106           2        378
        5106           3        186
        5106           5         25
        5107           0         93
        5107           1        458
        5107           2         91
        5109           1        106
        5109           2        587
        5109           3        118
        5109           4         96
        5110           0        329
        5110           1        572
        5110           2        257
        5110           3        161
        5110           4        223
        5111           0        265
        5111           1       1008
        5111           2        362
        5111           3        184
        5113           0        117
        5113           1        174
        5113           2        406
        5113           3        246
        5113           4         33
        5114           0         16
        5114           1        408
        5114           2        242
        5114           3         92
        5114           4         47
        5114           6         35
        5115           0        195
        5115           1        437
        5115           2        582
        5115           3         51
        5115           6         74
        5116           0        136
        5116           1        366
        5116           2        277
        5116           3        231
        5117           0         52
        5117           1        163
        5117           2        184
        5117           4         89
        5118           0        194
        5118           1        708
        5118           2        511
        5118           3        176
        5118           4         74
        5118           5         34
        5119           1         66
        5120           0        127
        5120           1        424
        5120           2        405
        5120           5         37
        5120           7         92
        5121           0         21
        5121           1        542
        5121           2        450
        5121           3         95
        5122           0         64
        5122           1        463
        5122           2        596
        5122           3         37
        5122           4         97
        5123           0        550
        5123           1       1938
        5123           2        379
        5123           3        152
        5125           0        102
        5125           1        269
        5125           2         26
        5126           0         27
        5126           2        232
        5127           0        355
        5127           1       1009
        5127           2        482
        5127           3        181
        5127           4         85
        5129           0        130
        5129           1        304
        5129           2        252
        5129           3        157
        5130           0        260
        5130           1       1260
        5130           2        501
        5130           3         65
        5130           5         71
        5131           0        553
        5131           1        493
        5131           2        343
        5131           3         43
        5132           0         53
        5132           1        525
        5132           2        623
        5132           3         35
        5132           4         35
        5133           0         41
        5133           1        502
        5133           2        375
        5133           3        276
        5133           4         80
        5135           0        208
        5135           1       1225
        5135           2        758
        5135           3         20
        5135           5         21
        5135           6         37
        5137           1         44
        5137           2        323
        5137           3        134
        5137           4         42
        5137           5         33
        5138           0          8
        5138           1         39
        5138           2         84
        5138           4         21
        5139           0        304
        5139           1       1280
        5139           2        947
        5139           3        104
        5140           0         30
        5140           1        338
        5140           2        704
        5140           3        111
        5140           8         45
        5141           0         52
        5141           1        270
        5141           2        498
        5141           3         18
        5142           2         42
        5142           3         24
        5143           0         50
        5143           1        626
        5143           2        424
        5143           3        224
        5143           4         59
        5143           5         37
        5144           0        361
        5144           1        787
        5144           2        703
        5144           3        100
        5147           2         76
        5147           3         12
        5148           0        886
        5148           1        942
        5148           2        549
        5148           3        116
        5148           4         22
        5149           0        177
        5149           1        719
        5149           2        273
        5149           3         67
        5150           0        660
        5150           1        945
        5150           2        313
        5151           0         51
        5151           1        655
        5151           2        471
        5151           3        450
        5154           0        187
        5154           1        445
        5154           2        337
        5155           0        537
        5155           1        629
        5155           2        295
        5155           3         13
        5156           0         64
        5156           1         17
        5157           0        356
        5157           1        539
        5157           2        150
        5157           3         60
        5158           0         35
        5158           1        706
        5158           2        905
        5158           3         97
        5158           4         83
        5159           0        401
        5159           1        952
        5159           2        133
        5160           1         69
        5160           2         53
        5160           3         40
        5161           0        116
        5161           1        607
        5161           2        541
        5161           3        121
        5162           0        175
        5162           1        237
        5162           2        416
        5162           4         36
        5163           0        469
        5163           1        577
        5163           2         75
        5163           3         68
        5164           0        920
        5164           1       1372
        5164           2        502
        5165           0        297
        5165           1        618
        5165           2        658
        5165           3        107
        5166           0        716
        5166           1       1675
        5166           2        582
        5166           3         49
        5167           0        305
        5167           1        548
        5167           2        112
        5167           3         25
        5168           0        714
        5168           1        468
        5168           2         39
        5170           0        970
        5170           1        592
        5170           2        494
        5170           4         31
        5171           0        610
        5171           1        686
        5171           2        127
        5171           3         19
        5172           0        756
        5172           1        536
        5172           2        189
        5172           3         32
        5173           0        126
        5173           1        149
        5174           0        201
        5174           1        694
        5174           2        193
        5174           3         22
        5175           0        205
        5175           1        728
        5175           2        230
        5175           3         30
        5175           4         49
        5176           0         19
        5176           1        547
        5176           2        251
        5176           3        120
        5177           1        175
        5177           2        324
        5177           3        265
        5177           4         34
        5178           1        222
        5178           2        475
        5178           3        145
        5179           0        634
        5179           1       1238
        5179           2        202
        5180           0        146
        5180           1        588
        5180           2        422
        5181           0       1252
        5181           1       1254
        5181           2         43
        5182           0         20
        5182           1        318
        5182           2        284
        5182           3        113
        5182           4         51
        5183           0        115
        5183           1        314
        5183           2        125
        5183           3         36
        5184           1        185
        5186           0        702
        5186           1        482
        5186           2        144
        5187           0       1021
        5187           1       1049
        5187           2        373
        5187           3        111
        5188           0        110
        5188           1        368
        5188           3         92
        5190           3         67
        5191           0        172
        5191           1        420
        5191           2        549
        5191           3        123
        5192           0        568
        5192           1        378
        5192           2        162
        5192           3         70
        5193           1         23
        5194           0        208
        5194           1        454
        5194           2        121
        5194           3        127
        5194           5         18
        5195           0        251
        5195           1        453
        5195           2         39
        5196           0         65
        5196           1        440
        5196           2        331
        5197           1         50
        5197           2         34
        5198           0         32
        5198           1         72
        5198           2         89
        5198           3         29
        5199           0        526
        5199           1        317
        5199           2        126
        5199           3          8
        5200           0        495
        5200           1       1046
        5200           2        129
        5200           3         22
        5201           0          8
        5201           1        314
        5201           2          8
        5202           0         62
        5202           1        561
        5202           2        658
        5202          99         12
        5203           0        452
        5203           1        447
        5203           2        321
        5203           4         30
        5204           0        119
        5204           1        260
        5204           2        141
        5205           0        278
        5205           1       1219
        5205           2        443
        5205           3         42
        5206           0        172
        5206           1        403
        5206           2        115
        5207           0        137
        5207           1        791
        5207           2        701
        5207           3        330
        5207           4         19
        5207           5         22
        5208           0        562
        5208           1        946
        5208           2        659
        5208           3        216
        5210           0         83
        5210           1         65
        5210           2         63
        5212           1        443
        5212           2        345
        5212           3         69
        5213           3         30
        5214           1         43
        5214           2         18
        5214           3         37
        5215           2        175
        5216           1        302
        5216           2        505
        5216           3        241
        5216           4        267
        5219           1        304
        5219           2        508
        5219           3         55
        5219           4         44
        5219           5         11
        5223           1         86
        5223           2        260
        5223           3        247
        5223           4         53
        5223           5         14
        5224           1        146
        5224           2        280
        5224           3        147
        5224           4         79
        5224           5         59
        5224           7         19
        5225           1         97
        5225           2        180
        5225           3         32
        5225           4         32
        5225           5         33
        5226           0         43
        5226           1         98
        5226           2        567
        5226           3        328
        5226           4        135
        5227           1         27
        5227           2        111
        5227           3         12
        5227           5         29
        5228           1         11
        5228           2         26
        5228           3         30
        5228           4         16
        5229           1        293
        5229           2        816
        5229           3        118
        5229           5         14
        5230           0         27
        5230           1        276
        5230           2        750
        5230           3        337
        5231           0         45
        5231           1        390
        5231           2        510
        5231           3         55
        5231           4         52
        5231           5         15
        5232           0         21
        5232           1        420
        5232           2       1116
        5232           3        486
        5232           4        133
        5232           5         54
        5233           0         21
        5233           1        258
        5233           2        263
        5233           3        136
        5233           4         50
        5233           5         41
        5234           1         35
        5234           2        112
        5234           3         58
        5235           1         11
        5235           2         94
        5235           3         29
        5235           4         48
        5236           1         88
        5236           2        353
        5236           3         44
        5237           0         46
        5237           1        812
        5237           2        430
        5237           3         48
        5237           5         46
        5238           0         12
        5238           1        445
        5238           2        508
        5238           3        145
        5238           4         77
        5238           5         42
        5239           0        111
        5239           1        741
        5239           2        768
        5239           3         69
        5239           4         28
        5240           0         13
        5240           1        146
        5240           2        266
        5240           3         15
        5240           4         17
        5241           0        317
        5241           1       1276
        5241           2       1259
        5241           3        271
        5241           4         41
        5242           1         36
        5242           2        148
        5242           4        134
        5243           1         54
        5243           2         24
        5244           1        390
        5244           2        472
        5244           3         88
        5244           7         45
        5245           1         19
        5245           2        337
        5246           1        149
        5246           2        272
        5246           3        250
        5247           1        181
        5247           2        212
        5247           3         38
        5247           4         72
        5247          99         29
        5248           1        194
        5248           2        357
        5248           3        221
        5248           4        233
        5248           5         38
        5249           1         22
        5249           2        148
        5249           3         26
        5250           0         19
        5250           1         36
        5250           2         18
        5250           3        144
        5250           4         39
        5251           2         32
        5252           0         26
        5252           1        357
        5252           2        130
        5252           3        126
